import random

import numpy as np
import pandas as pd
import datetime

from utils import train_test_split_random as ttsr
from utils import Newtons_Update as NU
from utils import BLR as blr
from utils import sample_trainR as train_sample
from utils import plotresults as plt_res
from utils import get_words

artificial = './pp4data/artificial/'
newsgroups = './pp4data/20newsgroups/'


def task2_helper(X,Y):

    #print(train_x,train_y)
    N = 30
    err_iter = []
    err_map = {}
    for i in range(0,10):
        err_map[i] = []
    while(N>0):
        train_x, train_y, test_x, test_y = ttsr(X, Y, 2 / 3)
        train_set = [0.1,0.2,0.3,0.4,0.5,0.6,0.7,0.8,0.9,1.0]
        err_split = []
        ind = 0
        for split in train_set:
            x_train,y_train = train_sample(train_x,train_y,split)
            weights = NU(x_train,y_train,0.01)
            err_map[ind].append(blr(x_train,y_train,test_x,test_y,weights))
            ind+=1
        #err_iter.append(err_split)
        print("Processing Iteration: ",N)
        N-=1
    return err_map

def task2(dataset,K,d):
    words = get_words(dataset,d)
    D = list(range(1,d+1))

    ## Generating features using Bag of Words representation
    # vocabulary
    vocab = {}
    ind = 0
    for i in words:
        if i not in vocab:
            vocab[i] = ind
            ind+=1
    #print(vocab)
    BOW = []
    for i in D:
        bow = [0 for i in range(len(vocab))]
        with open(dataset + str(i)) as doc:
            text = doc.readlines()[0]
            for word in text.split(' '):
                bow[vocab[word]]+=1
        BOW.append(bow)

    ## Topic features generated by Task-1

    l_np = np.load('f1.npy')
    new_list = []
    for i in l_np:
        new_list.append(list(i))
    Y = pd.read_csv(dataset+'index.csv',header = None,index_col=False)
    Y = Y[1]

    # Implementing Newton's method for both the representations
    #print(new_list)
    '''
    ###################
    
    # This is a list of features generated from Task-1. We can uncomment this line to directly run task-2, without running Task-1.
    new_list = [[0.019230769230769232, 0.019230769230769232, 0.019230769230769232, 0.019230769230769232, 0.019230769230769232, 0.09615384615384616, 0.019230769230769232, 0.17307692307692307, 0.019230769230769232, 0.019230769230769232, 0.019230769230769232, 0.09615384615384616, 0.09615384615384616, 0.019230769230769232, 0.09615384615384616, 0.019230769230769232, 0.019230769230769232, 0.17307692307692307, 0.019230769230769232, 0.019230769230769232], [0.0022522522522522522, 0.0022522522522522522, 0.07432432432432433, 0.0022522522522522522, 0.02027027027027027, 0.0022522522522522522, 0.0022522522522522522, 0.0022522522522522522, 0.01126126126126126, 0.0022522522522522522, 0.0022522522522522522, 0.01126126126126126, 0.11036036036036036, 0.07432432432432433, 0.0022522522522522522, 0.02027027027027027, 0.5698198198198198, 0.08333333333333333, 0.0022522522522522522, 0.0022522522522522522], [0.010416666666666666, 0.010416666666666666, 0.010416666666666666, 0.010416666666666666, 0.010416666666666666, 0.010416666666666666, 0.5520833333333334, 0.010416666666666666, 0.010416666666666666, 0.010416666666666666, 0.010416666666666666, 0.010416666666666666, 0.010416666666666666, 0.010416666666666666, 0.010416666666666666, 0.010416666666666666, 0.010416666666666666, 0.2604166666666667, 0.010416666666666666, 0.010416666666666666], [0.006944444444444444, 0.006944444444444444, 0.006944444444444444, 0.034722222222222224, 0.0625, 0.0625, 0.3680555555555556, 0.034722222222222224, 0.006944444444444444, 0.006944444444444444, 0.006944444444444444, 0.22916666666666666, 0.006944444444444444, 0.006944444444444444, 0.006944444444444444, 0.006944444444444444, 0.0625, 0.0625, 0.006944444444444444, 0.006944444444444444], [0.09, 0.01, 0.01, 0.01, 0.01, 0.05, 0.13, 0.09, 0.01, 0.05, 0.01, 0.09, 0.21, 0.01, 0.17, 0.01, 0.01, 0.01, 0.01, 0.01], [0.6195652173913043, 0.010869565217391304, 0.14130434782608695, 0.010869565217391304, 0.010869565217391304, 0.010869565217391304, 0.010869565217391304, 0.010869565217391304, 0.010869565217391304, 0.010869565217391304, 0.010869565217391304, 0.010869565217391304, 0.010869565217391304, 0.010869565217391304, 0.010869565217391304, 0.010869565217391304, 0.010869565217391304, 0.010869565217391304, 0.05434782608695652, 0.010869565217391304], [0.09, 0.01, 0.01, 0.01, 0.01, 0.45, 0.01, 0.01, 0.01, 0.01, 0.01, 0.01, 0.09, 0.01, 0.01, 0.01, 0.01, 0.01, 0.21, 0.01], [0.13125, 0.00625, 0.00625, 0.03125, 0.00625, 0.00625, 0.03125, 0.00625, 0.00625, 0.00625, 0.13125, 0.00625, 0.10625, 0.18125, 0.00625, 0.28125, 0.00625, 0.00625, 0.03125, 0.00625], [0.09375, 0.010416666666666666, 0.010416666666666666, 0.010416666666666666, 0.010416666666666666, 0.010416666666666666, 0.010416666666666666, 0.21875, 0.17708333333333334, 0.010416666666666666, 0.010416666666666666, 0.010416666666666666, 0.010416666666666666, 0.09375, 0.010416666666666666, 0.17708333333333334, 0.010416666666666666, 0.052083333333333336, 0.052083333333333336, 0.010416666666666666], [0.016666666666666666, 0.016666666666666666, 0.15, 0.016666666666666666, 0.016666666666666666, 0.016666666666666666, 0.016666666666666666, 0.4166666666666667, 0.08333333333333333, 0.016666666666666666, 0.016666666666666666, 0.016666666666666666, 0.016666666666666666, 0.016666666666666666, 0.016666666666666666, 0.016666666666666666, 0.016666666666666666, 0.016666666666666666, 0.08333333333333333, 0.016666666666666666], [0.010416666666666666, 0.010416666666666666, 0.010416666666666666, 0.13541666666666666, 0.052083333333333336, 0.010416666666666666, 0.010416666666666666, 0.010416666666666666, 0.010416666666666666, 0.17708333333333334, 0.010416666666666666, 0.17708333333333334, 0.010416666666666666, 0.052083333333333336, 0.010416666666666666, 0.010416666666666666, 0.09375, 0.010416666666666666, 0.052083333333333336, 0.13541666666666666], [0.0661764705882353, 0.007352941176470588, 0.007352941176470588, 0.007352941176470588, 0.007352941176470588, 0.007352941176470588, 0.09558823529411764, 0.007352941176470588, 0.0661764705882353, 0.03676470588235294, 0.007352941176470588, 0.007352941176470588, 0.007352941176470588, 0.007352941176470588, 0.0661764705882353, 0.007352941176470588, 0.007352941176470588, 0.5367647058823529, 0.007352941176470588, 0.03676470588235294], [0.004032258064516129, 0.004032258064516129, 0.0846774193548387, 0.004032258064516129, 0.004032258064516129, 0.0846774193548387, 0.004032258064516129, 0.06854838709677419, 0.004032258064516129, 0.05241935483870968, 0.004032258064516129, 0.004032258064516129, 0.22983870967741934, 0.06854838709677419, 0.3588709677419355, 0.004032258064516129, 0.004032258064516129, 0.004032258064516129, 0.004032258064516129, 0.004032258064516129], [0.005813953488372093, 0.0755813953488372, 0.005813953488372093, 0.005813953488372093, 0.005813953488372093, 0.005813953488372093, 0.005813953488372093, 0.005813953488372093, 0.005813953488372093, 0.005813953488372093, 0.005813953488372093, 0.2616279069767442, 0.029069767441860465, 0.005813953488372093, 0.005813953488372093, 0.005813953488372093, 0.029069767441860465, 0.029069767441860465, 0.005813953488372093, 0.4941860465116279], [0.004901960784313725, 0.024509803921568627, 0.06372549019607843, 0.004901960784313725, 0.004901960784313725, 0.004901960784313725, 0.004901960784313725, 0.20098039215686275, 0.004901960784313725, 0.004901960784313725, 0.004901960784313725, 0.6127450980392157, 0.004901960784313725, 0.004901960784313725, 0.004901960784313725, 0.024509803921568627, 0.004901960784313725, 0.004901960784313725, 0.004901960784313725, 0.004901960784313725], [0.016666666666666666, 0.016666666666666666, 0.016666666666666666, 0.016666666666666666, 0.016666666666666666, 0.016666666666666666, 0.016666666666666666, 0.016666666666666666, 0.08333333333333333, 0.016666666666666666, 0.016666666666666666, 0.016666666666666666, 0.016666666666666666, 0.016666666666666666, 0.016666666666666666, 0.08333333333333333, 0.08333333333333333, 0.15, 0.35, 0.016666666666666666], [0.004807692307692308, 0.004807692307692308, 0.1778846153846154, 0.04326923076923077, 0.02403846153846154, 0.35096153846153844, 0.004807692307692308, 0.1971153846153846, 0.004807692307692308, 0.02403846153846154, 0.02403846153846154, 0.02403846153846154, 0.02403846153846154, 0.0625, 0.004807692307692308, 0.004807692307692308, 0.004807692307692308, 0.004807692307692308, 0.004807692307692308, 0.004807692307692308], [0.011904761904761904, 0.10714285714285714, 0.011904761904761904, 0.011904761904761904, 0.011904761904761904, 0.011904761904761904, 0.011904761904761904, 0.20238095238095238, 0.10714285714285714, 0.25, 0.011904761904761904, 0.10714285714285714, 0.011904761904761904, 0.011904761904761904, 0.011904761904761904, 0.011904761904761904, 0.05952380952380952, 0.011904761904761904, 0.011904761904761904, 0.011904761904761904], [0.28125, 0.18125, 0.00625, 0.00625, 0.00625, 0.05625, 0.00625, 0.00625, 0.00625, 0.03125, 0.00625, 0.00625, 0.05625, 0.00625, 0.05625, 0.00625, 0.00625, 0.00625, 0.20625, 0.05625], [0.016666666666666666, 0.001851851851851852, 0.06111111111111111, 0.001851851851851852, 0.001851851851851852, 0.001851851851851852, 0.001851851851851852, 0.09814814814814815, 0.42407407407407405, 0.009259259259259259, 0.15, 0.001851851851851852, 0.03888888888888889, 0.08333333333333333, 0.001851851851851852, 0.001851851851851852, 0.001851851851851852, 0.024074074074074074, 0.07592592592592592, 0.001851851851851852], [0.08035714285714286, 0.008928571428571428, 0.11607142857142858, 0.08035714285714286, 0.008928571428571428, 0.08035714285714286, 0.008928571428571428, 0.008928571428571428, 0.008928571428571428, 0.008928571428571428, 0.008928571428571428, 0.008928571428571428, 0.15178571428571427, 0.008928571428571428, 0.22321428571428573, 0.008928571428571428, 0.008928571428571428, 0.008928571428571428, 0.08035714285714286, 0.08035714285714286], [0.05434782608695652, 0.010869565217391304, 0.010869565217391304, 0.010869565217391304, 0.010869565217391304, 0.010869565217391304, 0.010869565217391304, 0.010869565217391304, 0.010869565217391304, 0.010869565217391304, 0.010869565217391304, 0.5760869565217391, 0.010869565217391304, 0.010869565217391304, 0.010869565217391304, 0.010869565217391304, 0.010869565217391304, 0.05434782608695652, 0.14130434782608695, 0.010869565217391304], [0.009615384615384616, 0.009615384615384616, 0.16346153846153846, 0.009615384615384616, 0.08653846153846154, 0.009615384615384616, 0.009615384615384616, 0.08653846153846154, 0.009615384615384616, 0.009615384615384616, 0.04807692307692308, 0.08653846153846154, 0.009615384615384616, 0.009615384615384616, 0.009615384615384616, 0.009615384615384616, 0.08653846153846154, 0.04807692307692308, 0.009615384615384616, 0.27884615384615385], [0.0038461538461538464, 0.06538461538461539, 0.019230769230769232, 0.0038461538461538464, 0.6807692307692308, 0.0038461538461538464, 0.0038461538461538464, 0.019230769230769232, 0.0038461538461538464, 0.0038461538461538464, 0.019230769230769232, 0.03461538461538462, 0.0038461538461538464, 0.0038461538461538464, 0.03461538461538462, 0.0038461538461538464, 0.05, 0.019230769230769232, 0.019230769230769232, 0.0038461538461538464], [0.011904761904761904, 0.011904761904761904, 0.011904761904761904, 0.011904761904761904, 0.2976190476190476, 0.011904761904761904, 0.011904761904761904, 0.15476190476190477, 0.10714285714285714, 0.05952380952380952, 0.011904761904761904, 0.10714285714285714, 0.011904761904761904, 0.011904761904761904, 0.05952380952380952, 0.011904761904761904, 0.011904761904761904, 0.011904761904761904, 0.05952380952380952, 0.011904761904761904], [0.006756756756756757, 0.006756756756756757, 0.060810810810810814, 0.006756756756756757, 0.006756756756756757, 0.006756756756756757, 0.033783783783783786, 0.006756756756756757, 0.16891891891891891, 0.006756756756756757, 0.006756756756756757, 0.006756756756756757, 0.08783783783783784, 0.5202702702702703, 0.006756756756756757, 0.006756756756756757, 0.006756756756756757, 0.033783783783783786, 0.006756756756756757, 0.006756756756756757], [0.7403846153846154, 0.009615384615384616, 0.04807692307692308, 0.009615384615384616, 0.009615384615384616, 0.009615384615384616, 0.009615384615384616, 0.009615384615384616, 0.009615384615384616, 0.009615384615384616, 0.009615384615384616, 0.009615384615384616, 0.009615384615384616, 0.009615384615384616, 0.009615384615384616, 0.009615384615384616, 0.009615384615384616, 0.009615384615384616, 0.04807692307692308, 0.009615384615384616], [0.14682539682539683, 0.19444444444444445, 0.13095238095238096, 0.01984126984126984, 0.003968253968253968, 0.003968253968253968, 0.03571428571428571, 0.01984126984126984, 0.003968253968253968, 0.003968253968253968, 0.01984126984126984, 0.08333333333333333, 0.051587301587301584, 0.003968253968253968, 0.0992063492063492, 0.003968253968253968, 0.003968253968253968, 0.003968253968253968, 0.03571428571428571, 0.13095238095238096], [0.003968253968253968, 0.003968253968253968, 0.003968253968253968, 0.003968253968253968, 0.003968253968253968, 0.003968253968253968, 0.003968253968253968, 0.03571428571428571, 0.003968253968253968, 0.01984126984126984, 0.01984126984126984, 0.003968253968253968, 0.003968253968253968, 0.051587301587301584, 0.01984126984126984, 0.003968253968253968, 0.06746031746031746, 0.6865079365079365, 0.051587301587301584, 0.003968253968253968], [0.005319148936170213, 0.005319148936170213, 0.005319148936170213, 0.005319148936170213, 0.005319148936170213, 0.005319148936170213, 0.005319148936170213, 0.005319148936170213, 0.005319148936170213, 0.005319148936170213, 0.005319148936170213, 0.06914893617021277, 0.3670212765957447, 0.005319148936170213, 0.13297872340425532, 0.005319148936170213, 0.005319148936170213, 0.005319148936170213, 0.005319148936170213, 0.34574468085106386], [0.0125, 0.0125, 0.0125, 0.0125, 0.0625, 0.0125, 0.0125, 0.0125, 0.0125, 0.0125, 0.0125, 0.5125, 0.0625, 0.0125, 0.0625, 0.0125, 0.0125, 0.0125, 0.1125, 0.0125], [0.5758928571428571, 0.05803571428571429, 0.022321428571428572, 0.004464285714285714, 0.07589285714285714, 0.004464285714285714, 0.004464285714285714, 0.022321428571428572, 0.05803571428571429, 0.004464285714285714, 0.004464285714285714, 0.004464285714285714, 0.004464285714285714, 0.004464285714285714, 0.12946428571428573, 0.004464285714285714, 0.004464285714285714, 0.004464285714285714, 0.004464285714285714, 0.004464285714285714], [0.01, 0.01, 0.01, 0.01, 0.01, 0.05, 0.33, 0.01, 0.01, 0.01, 0.01, 0.01, 0.01, 0.33, 0.01, 0.05, 0.01, 0.01, 0.09, 0.01], [0.125, 0.5865384615384616, 0.009615384615384616, 0.009615384615384616, 0.009615384615384616, 0.009615384615384616, 0.04807692307692308, 0.009615384615384616, 0.009615384615384616, 0.04807692307692308, 0.009615384615384616, 0.009615384615384616, 0.009615384615384616, 0.04807692307692308, 0.009615384615384616, 0.009615384615384616, 0.009615384615384616, 0.009615384615384616, 0.009615384615384616, 0.009615384615384616], [0.019230769230769232, 0.17307692307692307, 0.019230769230769232, 0.019230769230769232, 0.019230769230769232, 0.09615384615384616, 0.019230769230769232, 0.09615384615384616, 0.019230769230769232, 0.019230769230769232, 0.019230769230769232, 0.17307692307692307, 0.019230769230769232, 0.019230769230769232, 0.019230769230769232, 0.019230769230769232, 0.019230769230769232, 0.17307692307692307, 0.019230769230769232, 0.019230769230769232], [0.007575757575757576, 0.007575757575757576, 0.007575757575757576, 0.007575757575757576, 0.06818181818181818, 0.12878787878787878, 0.007575757575757576, 0.007575757575757576, 0.03787878787878788, 0.03787878787878788, 0.03787878787878788, 0.007575757575757576, 0.03787878787878788, 0.007575757575757576, 0.007575757575757576, 0.12878787878787878, 0.03787878787878788, 0.007575757575757576, 0.4015151515151515, 0.007575757575757576], [0.00390625, 0.00390625, 0.05078125, 0.00390625, 0.00390625, 0.01953125, 0.00390625, 0.09765625, 0.16015625, 0.00390625, 0.00390625, 0.00390625, 0.12890625, 0.11328125, 0.01953125, 0.30078125, 0.00390625, 0.06640625, 0.00390625, 0.00390625], [0.041666666666666664, 0.075, 0.008333333333333333, 0.008333333333333333, 0.008333333333333333, 0.008333333333333333, 0.14166666666666666, 0.008333333333333333, 0.008333333333333333, 0.075, 0.008333333333333333, 0.14166666666666666, 0.175, 0.008333333333333333, 0.008333333333333333, 0.008333333333333333, 0.008333333333333333, 0.041666666666666664, 0.20833333333333334, 0.008333333333333333], [0.013157894736842105, 0.013157894736842105, 0.013157894736842105, 0.013157894736842105, 0.013157894736842105, 0.013157894736842105, 0.013157894736842105, 0.013157894736842105, 0.11842105263157894, 0.013157894736842105, 0.013157894736842105, 0.013157894736842105, 0.06578947368421052, 0.013157894736842105, 0.013157894736842105, 0.3815789473684211, 0.17105263157894737, 0.06578947368421052, 0.013157894736842105, 0.013157894736842105], [0.006944444444444444, 0.006944444444444444, 0.006944444444444444, 0.006944444444444444, 0.006944444444444444, 0.006944444444444444, 0.006944444444444444, 0.006944444444444444, 0.22916666666666666, 0.006944444444444444, 0.006944444444444444, 0.006944444444444444, 0.006944444444444444, 0.5347222222222222, 0.006944444444444444, 0.006944444444444444, 0.034722222222222224, 0.09027777777777778, 0.006944444444444444, 0.006944444444444444], [0.022727272727272728, 0.022727272727272728, 0.11363636363636363, 0.022727272727272728, 0.022727272727272728, 0.022727272727272728, 0.11363636363636363, 0.20454545454545456, 0.022727272727272728, 0.022727272727272728, 0.11363636363636363, 0.022727272727272728, 0.022727272727272728, 0.022727272727272728, 0.022727272727272728, 0.022727272727272728, 0.022727272727272728, 0.11363636363636363, 0.022727272727272728, 0.022727272727272728], [0.006578947368421052, 0.006578947368421052, 0.05921052631578947, 0.006578947368421052, 0.006578947368421052, 0.19078947368421054, 0.05921052631578947, 0.03289473684210526, 0.08552631578947369, 0.006578947368421052, 0.16447368421052633, 0.006578947368421052, 0.006578947368421052, 0.26973684210526316, 0.05921052631578947, 0.006578947368421052, 0.006578947368421052, 0.006578947368421052, 0.006578947368421052, 0.006578947368421052], [0.027777777777777776, 0.027777777777777776, 0.027777777777777776, 0.027777777777777776, 0.027777777777777776, 0.027777777777777776, 0.1388888888888889, 0.027777777777777776, 0.027777777777777776, 0.027777777777777776, 0.027777777777777776, 0.027777777777777776, 0.027777777777777776, 0.027777777777777776, 0.027777777777777776, 0.027777777777777776, 0.027777777777777776, 0.1388888888888889, 0.25, 0.027777777777777776], [0.006756756756756757, 0.006756756756756757, 0.25, 0.006756756756756757, 0.006756756756756757, 0.006756756756756757, 0.006756756756756757, 0.006756756756756757, 0.006756756756756757, 0.006756756756756757, 0.19594594594594594, 0.006756756756756757, 0.060810810810810814, 0.006756756756756757, 0.006756756756756757, 0.006756756756756757, 0.38513513513513514, 0.006756756756756757, 0.006756756756756757, 0.006756756756756757], [0.005681818181818182, 0.028409090909090908, 0.005681818181818182, 0.005681818181818182, 0.005681818181818182, 0.05113636363636364, 0.028409090909090908, 0.028409090909090908, 0.05113636363636364, 0.005681818181818182, 0.07386363636363637, 0.005681818181818182, 0.005681818181818182, 0.05113636363636364, 0.005681818181818182, 0.3693181818181818, 0.1875, 0.005681818181818182, 0.05113636363636364, 0.028409090909090908], [0.07352941176470588, 0.014705882352941176, 0.014705882352941176, 0.014705882352941176, 0.014705882352941176, 0.4264705882352941, 0.014705882352941176, 0.014705882352941176, 0.1323529411764706, 0.014705882352941176, 0.014705882352941176, 0.014705882352941176, 0.07352941176470588, 0.014705882352941176, 0.014705882352941176, 0.07352941176470588, 0.014705882352941176, 0.014705882352941176, 0.014705882352941176, 0.014705882352941176], [0.38207547169811323, 0.2688679245283019, 0.0047169811320754715, 0.0047169811320754715, 0.0047169811320754715, 0.0047169811320754715, 0.0047169811320754715, 0.02358490566037736, 0.04245283018867924, 0.0047169811320754715, 0.02358490566037736, 0.0047169811320754715, 0.04245283018867924, 0.02358490566037736, 0.09905660377358491, 0.0047169811320754715, 0.0047169811320754715, 0.02358490566037736, 0.0047169811320754715, 0.02358490566037736], [0.01079734219269103, 0.07059800664451828, 0.0008305647840531562, 0.08056478405315615, 0.01744186046511628, 0.0008305647840531562, 0.0008305647840531562, 0.01079734219269103, 0.0008305647840531562, 0.6420265780730897, 0.01079734219269103, 0.09717607973421927, 0.040697674418604654, 0.0008305647840531562, 0.0008305647840531562, 0.0008305647840531562, 0.01079734219269103, 0.0008305647840531562, 0.0008305647840531562, 0.0008305647840531562], [0.04807692307692308, 0.04807692307692308, 0.009615384615384616, 0.009615384615384616, 0.009615384615384616, 0.009615384615384616, 0.009615384615384616, 0.04807692307692308, 0.009615384615384616, 0.08653846153846154, 0.08653846153846154, 0.009615384615384616, 0.009615384615384616, 0.04807692307692308, 0.009615384615384616, 0.3173076923076923, 0.009615384615384616, 0.20192307692307693, 0.009615384615384616, 0.009615384615384616], [0.12313432835820895, 0.0037313432835820895, 0.06343283582089553, 0.0037313432835820895, 0.0037313432835820895, 0.048507462686567165, 0.0037313432835820895, 0.048507462686567165, 0.06343283582089553, 0.018656716417910446, 0.0037313432835820895, 0.018656716417910446, 0.06343283582089553, 0.12313432835820895, 0.0037313432835820895, 0.018656716417910446, 0.0037313432835820895, 0.0037313432835820895, 0.376865671641791, 0.0037313432835820895], [0.10227272727272728, 0.0022727272727272726, 0.020454545454545454, 0.0022727272727272726, 0.0022727272727272726, 0.0022727272727272726, 0.029545454545454545, 0.020454545454545454, 0.0022727272727272726, 0.0022727272727272726, 0.0022727272727272726, 0.029545454545454545, 0.5022727272727273, 0.011363636363636364, 0.0022727272727272726, 0.011363636363636364, 0.029545454545454545, 0.0022727272727272726, 0.20227272727272727, 0.020454545454545454], [0.004166666666666667, 0.15416666666666667, 0.004166666666666667, 0.004166666666666667, 0.1375, 0.07083333333333333, 0.0375, 0.004166666666666667, 0.004166666666666667, 0.0375, 0.0375, 0.12083333333333333, 0.15416666666666667, 0.05416666666666667, 0.020833333333333332, 0.004166666666666667, 0.004166666666666667, 0.12083333333333333, 0.020833333333333332, 0.004166666666666667], [0.025, 0.025, 0.025, 0.025, 0.025, 0.125, 0.025, 0.325, 0.025, 0.025, 0.025, 0.125, 0.025, 0.025, 0.025, 0.025, 0.025, 0.025, 0.025, 0.025], [0.08928571428571429, 0.017857142857142856, 0.16071428571428573, 0.017857142857142856, 0.017857142857142856, 0.017857142857142856, 0.017857142857142856, 0.30357142857142855, 0.08928571428571429, 0.017857142857142856, 0.017857142857142856, 0.017857142857142856, 0.017857142857142856, 0.017857142857142856, 0.017857142857142856, 0.017857142857142856, 0.017857142857142856, 0.017857142857142856, 0.08928571428571429, 0.017857142857142856], [0.05952380952380952, 0.011904761904761904, 0.15476190476190477, 0.011904761904761904, 0.011904761904761904, 0.011904761904761904, 0.011904761904761904, 0.011904761904761904, 0.011904761904761904, 0.011904761904761904, 0.011904761904761904, 0.10714285714285714, 0.011904761904761904, 0.011904761904761904, 0.011904761904761904, 0.011904761904761904, 0.44047619047619047, 0.011904761904761904, 0.05952380952380952, 0.011904761904761904], [0.041666666666666664, 0.041666666666666664, 0.041666666666666664, 0.008333333333333333, 0.041666666666666664, 0.10833333333333334, 0.008333333333333333, 0.041666666666666664, 0.008333333333333333, 0.008333333333333333, 0.008333333333333333, 0.44166666666666665, 0.008333333333333333, 0.008333333333333333, 0.008333333333333333, 0.008333333333333333, 0.008333333333333333, 0.008333333333333333, 0.10833333333333334, 0.041666666666666664], [0.05434782608695652, 0.010869565217391304, 0.010869565217391304, 0.010869565217391304, 0.010869565217391304, 0.010869565217391304, 0.05434782608695652, 0.22826086956521738, 0.010869565217391304, 0.010869565217391304, 0.010869565217391304, 0.010869565217391304, 0.2717391304347826, 0.010869565217391304, 0.010869565217391304, 0.18478260869565216, 0.010869565217391304, 0.05434782608695652, 0.010869565217391304, 0.010869565217391304], [0.004901960784313725, 0.4362745098039216, 0.04411764705882353, 0.004901960784313725, 0.18137254901960784, 0.004901960784313725, 0.06372549019607843, 0.04411764705882353, 0.004901960784313725, 0.004901960784313725, 0.004901960784313725, 0.004901960784313725, 0.06372549019607843, 0.004901960784313725, 0.024509803921568627, 0.004901960784313725, 0.004901960784313725, 0.004901960784313725, 0.08333333333333333, 0.004901960784313725], [0.011363636363636364, 0.011363636363636364, 0.10227272727272728, 0.011363636363636364, 0.011363636363636364, 0.011363636363636364, 0.011363636363636364, 0.056818181818181816, 0.056818181818181816, 0.011363636363636364, 0.14772727272727273, 0.056818181818181816, 0.011363636363636364, 0.011363636363636364, 0.011363636363636364, 0.14772727272727273, 0.011363636363636364, 0.2840909090909091, 0.011363636363636364, 0.011363636363636364], [0.00625, 0.00625, 0.10625, 0.00625, 0.00625, 0.00625, 0.00625, 0.58125, 0.00625, 0.00625, 0.05625, 0.08125, 0.00625, 0.00625, 0.00625, 0.05625, 0.00625, 0.00625, 0.00625, 0.03125], [0.008928571428571428, 0.008928571428571428, 0.008928571428571428, 0.044642857142857144, 0.008928571428571428, 0.044642857142857144, 0.11607142857142858, 0.008928571428571428, 0.008928571428571428, 0.008928571428571428, 0.008928571428571428, 0.29464285714285715, 0.008928571428571428, 0.008928571428571428, 0.22321428571428573, 0.044642857142857144, 0.044642857142857144, 0.008928571428571428, 0.044642857142857144, 0.044642857142857144], [0.0787037037037037, 0.023148148148148147, 0.004629629629629629, 0.30092592592592593, 0.004629629629629629, 0.004629629629629629, 0.004629629629629629, 0.041666666666666664, 0.004629629629629629, 0.18981481481481483, 0.023148148148148147, 0.0787037037037037, 0.004629629629629629, 0.004629629629629629, 0.041666666666666664, 0.004629629629629629, 0.004629629629629629, 0.004629629629629629, 0.1712962962962963, 0.004629629629629629], [0.008620689655172414, 0.008620689655172414, 0.04310344827586207, 0.008620689655172414, 0.008620689655172414, 0.008620689655172414, 0.008620689655172414, 0.04310344827586207, 0.008620689655172414, 0.008620689655172414, 0.008620689655172414, 0.25, 0.04310344827586207, 0.04310344827586207, 0.04310344827586207, 0.008620689655172414, 0.04310344827586207, 0.008620689655172414, 0.21551724137931033, 0.1810344827586207], [0.011904761904761904, 0.011904761904761904, 0.05952380952380952, 0.011904761904761904, 0.05952380952380952, 0.011904761904761904, 0.5357142857142857, 0.011904761904761904, 0.011904761904761904, 0.011904761904761904, 0.011904761904761904, 0.011904761904761904, 0.011904761904761904, 0.10714285714285714, 0.011904761904761904, 0.011904761904761904, 0.011904761904761904, 0.05952380952380952, 0.011904761904761904, 0.011904761904761904], [0.020833333333333332, 0.020833333333333332, 0.020833333333333332, 0.1875, 0.020833333333333332, 0.10416666666666667, 0.020833333333333332, 0.2708333333333333, 0.020833333333333332, 0.020833333333333332, 0.020833333333333332, 0.020833333333333332, 0.020833333333333332, 0.020833333333333332, 0.020833333333333332, 0.020833333333333332, 0.020833333333333332, 0.020833333333333332, 0.10416666666666667, 0.020833333333333332], [0.008064516129032258, 0.13709677419354838, 0.008064516129032258, 0.008064516129032258, 0.13709677419354838, 0.008064516129032258, 0.008064516129032258, 0.008064516129032258, 0.008064516129032258, 0.20161290322580644, 0.008064516129032258, 0.13709677419354838, 0.008064516129032258, 0.008064516129032258, 0.04032258064516129, 0.008064516129032258, 0.07258064516129033, 0.10483870967741936, 0.04032258064516129, 0.04032258064516129], [0.09615384615384616, 0.25, 0.019230769230769232, 0.019230769230769232, 0.019230769230769232, 0.019230769230769232, 0.09615384615384616, 0.019230769230769232, 0.019230769230769232, 0.019230769230769232, 0.09615384615384616, 0.019230769230769232, 0.019230769230769232, 0.019230769230769232, 0.019230769230769232, 0.019230769230769232, 0.019230769230769232, 0.09615384615384616, 0.019230769230769232, 0.09615384615384616], [0.03289473684210526, 0.006578947368421052, 0.05921052631578947, 0.006578947368421052, 0.006578947368421052, 0.006578947368421052, 0.05921052631578947, 0.006578947368421052, 0.006578947368421052, 0.006578947368421052, 0.006578947368421052, 0.24342105263157895, 0.03289473684210526, 0.006578947368421052, 0.006578947368421052, 0.006578947368421052, 0.006578947368421052, 0.006578947368421052, 0.006578947368421052, 0.48026315789473684], [0.014705882352941176, 0.014705882352941176, 0.014705882352941176, 0.07352941176470588, 0.014705882352941176, 0.014705882352941176, 0.19117647058823528, 0.014705882352941176, 0.014705882352941176, 0.07352941176470588, 0.07352941176470588, 0.014705882352941176, 0.014705882352941176, 0.014705882352941176, 0.36764705882352944, 0.014705882352941176, 0.014705882352941176, 0.014705882352941176, 0.014705882352941176, 0.014705882352941176], [0.008333333333333333, 0.041666666666666664, 0.008333333333333333, 0.10833333333333334, 0.008333333333333333, 0.008333333333333333, 0.008333333333333333, 0.14166666666666666, 0.008333333333333333, 0.008333333333333333, 0.008333333333333333, 0.008333333333333333, 0.008333333333333333, 0.008333333333333333, 0.008333333333333333, 0.008333333333333333, 0.008333333333333333, 0.008333333333333333, 0.008333333333333333, 0.575], [0.0033783783783783786, 0.07094594594594594, 0.04391891891891892, 0.0033783783783783786, 0.0033783783783783786, 0.0033783783783783786, 0.016891891891891893, 0.17905405405405406, 0.0033783783783783786, 0.04391891891891892, 0.04391891891891892, 0.46283783783783783, 0.0033783783783783786, 0.04391891891891892, 0.030405405405405407, 0.0033783783783783786, 0.0033783783783783786, 0.016891891891891893, 0.0033783783783783786, 0.016891891891891893], [0.019230769230769232, 0.019230769230769232, 0.019230769230769232, 0.019230769230769232, 0.019230769230769232, 0.09615384615384616, 0.019230769230769232, 0.09615384615384616, 0.019230769230769232, 0.09615384615384616, 0.019230769230769232, 0.17307692307692307, 0.019230769230769232, 0.09615384615384616, 0.019230769230769232, 0.019230769230769232, 0.019230769230769232, 0.019230769230769232, 0.019230769230769232, 0.17307692307692307], [0.01, 0.01, 0.41, 0.01, 0.01, 0.01, 0.01, 0.17, 0.01, 0.01, 0.13, 0.05, 0.01, 0.01, 0.01, 0.01, 0.01, 0.09, 0.01, 0.01], [0.019230769230769232, 0.0038461538461538464, 0.03461538461538462, 0.0038461538461538464, 0.5884615384615385, 0.0038461538461538464, 0.0038461538461538464, 0.0038461538461538464, 0.0038461538461538464, 0.0038461538461538464, 0.019230769230769232, 0.0038461538461538464, 0.0038461538461538464, 0.0038461538461538464, 0.0038461538461538464, 0.0038461538461538464, 0.0038461538461538464, 0.0038461538461538464, 0.0038461538461538464, 0.28076923076923077], [0.0033333333333333335, 0.0033333333333333335, 0.043333333333333335, 0.0033333333333333335, 0.016666666666666666, 0.016666666666666666, 0.0033333333333333335, 0.03, 0.056666666666666664, 0.056666666666666664, 0.0033333333333333335, 0.0033333333333333335, 0.03, 0.03, 0.016666666666666666, 0.19, 0.0033333333333333335, 0.48333333333333334, 0.0033333333333333335, 0.0033333333333333335], [0.75, 0.010869565217391304, 0.010869565217391304, 0.010869565217391304, 0.010869565217391304, 0.010869565217391304, 0.010869565217391304, 0.010869565217391304, 0.010869565217391304, 0.010869565217391304, 0.010869565217391304, 0.010869565217391304, 0.010869565217391304, 0.05434782608695652, 0.010869565217391304, 0.010869565217391304, 0.010869565217391304, 0.010869565217391304, 0.010869565217391304, 0.010869565217391304], [0.08333333333333333, 0.009259259259259259, 0.08333333333333333, 0.009259259259259259, 0.046296296296296294, 0.5277777777777778, 0.009259259259259259, 0.009259259259259259, 0.009259259259259259, 0.009259259259259259, 0.009259259259259259, 0.009259259259259259, 0.009259259259259259, 0.009259259259259259, 0.046296296296296294, 0.009259259259259259, 0.009259259259259259, 0.009259259259259259, 0.009259259259259259, 0.08333333333333333], [0.0005154639175257732, 0.0005154639175257732, 0.0005154639175257732, 0.0005154639175257732, 0.0005154639175257732, 0.023195876288659795, 0.002577319587628866, 0.02731958762886598, 0.060309278350515465, 0.0005154639175257732, 0.0809278350515464, 0.006701030927835051, 0.0788659793814433, 0.4108247422680412, 0.0005154639175257732, 0.21494845360824744, 0.014948453608247423, 0.008762886597938144, 0.06649484536082474, 0.0005154639175257732], [0.006578947368421052, 0.006578947368421052, 0.05921052631578947, 0.006578947368421052, 0.03289473684210526, 0.21710526315789475, 0.006578947368421052, 0.24342105263157895, 0.006578947368421052, 0.006578947368421052, 0.05921052631578947, 0.006578947368421052, 0.006578947368421052, 0.05921052631578947, 0.006578947368421052, 0.03289473684210526, 0.006578947368421052, 0.16447368421052633, 0.05921052631578947, 0.006578947368421052], [0.017857142857142856, 0.017857142857142856, 0.30357142857142855, 0.017857142857142856, 0.017857142857142856, 0.017857142857142856, 0.16071428571428573, 0.017857142857142856, 0.017857142857142856, 0.017857142857142856, 0.017857142857142856, 0.017857142857142856, 0.017857142857142856, 0.017857142857142856, 0.16071428571428573, 0.017857142857142856, 0.017857142857142856, 0.017857142857142856, 0.017857142857142856, 0.08928571428571429], [0.006756756756756757, 0.006756756756756757, 0.006756756756756757, 0.006756756756756757, 0.006756756756756757, 0.08783783783783784, 0.006756756756756757, 0.006756756756756757, 0.006756756756756757, 0.006756756756756757, 0.006756756756756757, 0.033783783783783786, 0.08783783783783784, 0.006756756756756757, 0.006756756756756757, 0.006756756756756757, 0.006756756756756757, 0.006756756756756757, 0.006756756756756757, 0.6824324324324325], [0.13306451612903225, 0.020161290322580645, 0.004032258064516129, 0.004032258064516129, 0.004032258064516129, 0.3588709677419355, 0.004032258064516129, 0.05241935483870968, 0.004032258064516129, 0.004032258064516129, 0.16532258064516128, 0.004032258064516129, 0.05241935483870968, 0.004032258064516129, 0.004032258064516129, 0.004032258064516129, 0.020161290322580645, 0.004032258064516129, 0.14919354838709678, 0.004032258064516129], [0.022727272727272728, 0.022727272727272728, 0.022727272727272728, 0.022727272727272728, 0.022727272727272728, 0.022727272727272728, 0.11363636363636363, 0.29545454545454547, 0.022727272727272728, 0.022727272727272728, 0.022727272727272728, 0.11363636363636363, 0.022727272727272728, 0.022727272727272728, 0.022727272727272728, 0.11363636363636363, 0.022727272727272728, 0.022727272727272728, 0.022727272727272728, 0.022727272727272728], [0.0043859649122807015, 0.039473684210526314, 0.14473684210526316, 0.0043859649122807015, 0.0043859649122807015, 0.05701754385964912, 0.039473684210526314, 0.021929824561403508, 0.021929824561403508, 0.0043859649122807015, 0.039473684210526314, 0.3026315789473684, 0.07456140350877193, 0.039473684210526314, 0.07456140350877193, 0.0043859649122807015, 0.0043859649122807015, 0.021929824561403508, 0.09210526315789473, 0.0043859649122807015], [0.013157894736842105, 0.013157894736842105, 0.17105263157894737, 0.013157894736842105, 0.013157894736842105, 0.013157894736842105, 0.11842105263157894, 0.06578947368421052, 0.013157894736842105, 0.06578947368421052, 0.013157894736842105, 0.06578947368421052, 0.013157894736842105, 0.11842105263157894, 0.11842105263157894, 0.06578947368421052, 0.013157894736842105, 0.06578947368421052, 0.013157894736842105, 0.013157894736842105], [0.00625, 0.00625, 0.00625, 0.00625, 0.00625, 0.00625, 0.00625, 0.05625, 0.00625, 0.00625, 0.00625, 0.03125, 0.03125, 0.03125, 0.00625, 0.00625, 0.03125, 0.73125, 0.00625, 0.00625], [0.05232558139534884, 0.005813953488372093, 0.2616279069767442, 0.005813953488372093, 0.029069767441860465, 0.005813953488372093, 0.029069767441860465, 0.029069767441860465, 0.029069767441860465, 0.0755813953488372, 0.05232558139534884, 0.005813953488372093, 0.005813953488372093, 0.21511627906976744, 0.005813953488372093, 0.005813953488372093, 0.05232558139534884, 0.12209302325581395, 0.005813953488372093, 0.005813953488372093], [0.005813953488372093, 0.47093023255813954, 0.005813953488372093, 0.005813953488372093, 0.005813953488372093, 0.005813953488372093, 0.12209302325581395, 0.0755813953488372, 0.029069767441860465, 0.12209302325581395, 0.005813953488372093, 0.05232558139534884, 0.029069767441860465, 0.005813953488372093, 0.029069767441860465, 0.005813953488372093, 0.005813953488372093, 0.005813953488372093, 0.005813953488372093, 0.005813953488372093], [0.025, 0.025, 0.025, 0.025, 0.125, 0.025, 0.225, 0.025, 0.025, 0.125, 0.025, 0.025, 0.125, 0.025, 0.025, 0.025, 0.025, 0.025, 0.025, 0.025], [0.0125, 0.0125, 0.0125, 0.0125, 0.0125, 0.1625, 0.0125, 0.2125, 0.0125, 0.1125, 0.0125, 0.2625, 0.0125, 0.0125, 0.0125, 0.0125, 0.0125, 0.0625, 0.0125, 0.0125], [0.056818181818181816, 0.011363636363636364, 0.011363636363636364, 0.011363636363636364, 0.011363636363636364, 0.23863636363636365, 0.056818181818181816, 0.011363636363636364, 0.011363636363636364, 0.011363636363636364, 0.2840909090909091, 0.011363636363636364, 0.011363636363636364, 0.011363636363636364, 0.011363636363636364, 0.10227272727272728, 0.056818181818181816, 0.056818181818181816, 0.011363636363636364, 0.011363636363636364], [0.001388888888888889, 0.006944444444444444, 0.001388888888888889, 0.8625, 0.018055555555555554, 0.001388888888888889, 0.006944444444444444, 0.006944444444444444, 0.0125, 0.02361111111111111, 0.001388888888888889, 0.001388888888888889, 0.001388888888888889, 0.001388888888888889, 0.001388888888888889, 0.001388888888888889, 0.018055555555555554, 0.001388888888888889, 0.029166666666666667, 0.001388888888888889], [0.008064516129032258, 0.008064516129032258, 0.008064516129032258, 0.008064516129032258, 0.008064516129032258, 0.008064516129032258, 0.008064516129032258, 0.008064516129032258, 0.29838709677419356, 0.008064516129032258, 0.04032258064516129, 0.008064516129032258, 0.008064516129032258, 0.04032258064516129, 0.008064516129032258, 0.008064516129032258, 0.49193548387096775, 0.008064516129032258, 0.008064516129032258, 0.008064516129032258], [0.003246753246753247, 0.003246753246753247, 0.02922077922077922, 0.003246753246753247, 0.003246753246753247, 0.016233766233766232, 0.003246753246753247, 0.016233766233766232, 0.288961038961039, 0.003246753246753247, 0.003246753246753247, 0.003246753246753247, 0.02922077922077922, 0.18506493506493507, 0.003246753246753247, 0.31493506493506496, 0.003246753246753247, 0.016233766233766232, 0.06818181818181818, 0.003246753246753247], [0.07738095238095238, 0.005952380952380952, 0.05357142857142857, 0.005952380952380952, 0.005952380952380952, 0.005952380952380952, 0.005952380952380952, 0.125, 0.19642857142857142, 0.005952380952380952, 0.005952380952380952, 0.005952380952380952, 0.07738095238095238, 0.05357142857142857, 0.005952380952380952, 0.24404761904761904, 0.10119047619047619, 0.005952380952380952, 0.005952380952380952, 0.005952380952380952], [0.014331210191082803, 0.0015923566878980893, 0.03343949044585987, 0.0015923566878980893, 0.5366242038216561, 0.0015923566878980893, 0.0015923566878980893, 0.0015923566878980893, 0.007961783439490446, 0.0015923566878980893, 0.04617834394904458, 0.020700636942675158, 0.027070063694267517, 0.0015923566878980893, 0.014331210191082803, 0.007961783439490446, 0.007961783439490446, 0.0015923566878980893, 0.26910828025477707, 0.0015923566878980893], [0.056818181818181816, 0.011363636363636364, 0.011363636363636364, 0.